//VHE points: E[TeV] phi[m-2 s-1 TeV-1] ephi_low ephi_up
0.19952624 1.7495378e-06 1.9308883e-07 1.9308883e-07
0.2630268 8.6649321e-07 9.2817846e-08 9.2817846e-08
0.34673685 3.6588286e-07 4.5800068e-08 4.5800068e-08
0.45708817 1.7558693e-07 2.3041975e-08 2.3041975e-08
0.60255957 7.4333186e-08 1.2067569e-08 1.2067569e-08
0.79432821 2.9554477e-08 6.3346878e-09 6.3346878e-09
1.0471286 7.3649822e-09 2.8832436e-09 2.8832436e-09
1.3803843 3.321719e-09 1.4505459e-09 1.4505459e-09
1.8197008 3.629207e-09 1.2697952e-09 1.2697952e-09
